total : 155.82555484771729
galactose : 23.18991231918335
lactose : 31.56947422027588
minoxidil : 28.635414838790894
nebivolol : 43.15084433555603
resveratrol : 29.27928113937378
