total : 1733957942.8464723
galactose : 187.627596616745
galactose_1UX6 : 4.212718963623047
clustering : 308.8611581325531
preparation : 35.17365789413452
calc_com_atoms : 33.396684408187866
sort_atoms : 0.7999575138092041
calc_sections_atoms : 5.245208740234375e-05
sect_atoms : 144.7995433807373
sect_clusters : 128.88733863830566
calc_com_glusters : 0.00010704994201660156
sort_glusters : 0.03585624694824219
calc_sections_glusters : 4.220008850097656e-05
galactose_3VI4 : 14.553273916244507
galactose_1NUB : 3.9588985443115234
galactose_3THC : 6.920921802520752
galactose_1AU8 : 3.7162468433380127
galactose_3V96 : 2.9529213905334473
galactose_4G1M : 21.06276822090149
galactose_2ERF : 2.926008701324463
galactose_2FT3 : 5.306999206542969
galactose_1XCD : 4.66844630241394
galactose_1ITV : 3.3706471920013428
galactose_3C7X : 3.1792309284210205
galactose_3VI3 : 14.810445070266724
galactose_1IJB : 3.4152655601501465
galactose_1MMQ : 2.9418981075286865
galactose_3OVX : 3.1378865242004395
galactose_1ATZ : 2.8888163566589355
galactose_1BQQ : 2.9721882343292236
galactose_1L6J : 6.350322723388672
galactose_3PVE : 2.9039487838745117
galactose_1JK3 : 3.0352911949157715
galactose_1C3I : 2.964298963546753
galactose_Rebp : 4.395315885543823
galactose_3BCH : 3.2220606803894043
galactose_3MA2 : 3.0114388465881348
galactose_5MX0 : 5.366795778274536
galactose_5VYC : 4.21204137802124
lactose : 1733958130.4742503
lactose_5MX0 : 6.49980092048645
lactose_3VI4 : 19.341233015060425
lactose_4G1M : 28.133514642715454
lactose_1XCD : 5.534219026565552
lactose_3VI3 : 18.206390142440796
lactose_1IJB : 3.6850900650024414
lactose_5VYC : 3.900214672088623
lactose_3THC : 8.609225988388062
lactose_Rebp : 4.521722793579102
lactose_1NUB : 4.283833980560303
lactose_1UX6 : 5.177894353866577
lactose_1L6J : 6.812948226928711
lactose_3BCH : 3.655263662338257
lactose_1AU8 : 4.172138690948486
lactose_2FT3 : 6.015322685241699
lactose_1ITV : 3.2660975456237793
lactose_1ATZ : 3.3313984870910645
lactose_3C7X : 3.8491554260253906
lactose_1MMQ : 3.421691656112671
lactose_3V96 : 3.396613597869873
lactose_3OVX : 3.9482250213623047
lactose_2ERF : 3.569709539413452
lactose_1BQQ : 4.022771835327148
lactose_1C3I : 4.286128044128418
lactose_3PVE : 3.1628644466400146
lactose_1JK3 : 3.4460625648498535
lactose_3MA2 : 1733958299.1690204
