total : 153.64230799674988
galactose : 22.63663911819458
lactose : 30.49029564857483
minoxidil : 28.195573568344116
nebivolol : 42.734243869781494
resveratrol : 29.584831476211548
