total : 157.169207572937
galactose : 22.731152772903442
lactose : 31.53338932991028
minoxidil : 27.702343940734863
nebivolol : 45.236225843429565
resveratrol : 29.965418815612793
